bgr: 0.8040969793454222
box: 2.241048918355905
close_mosaic: 0
cls: 1.9324115458890738
copy_paste: 0.21651510847223848
degrees: 2.1740797795894635
dfl: 1.8144156875063866
fliplr: 0.05106569695619835
flipud: 0.057713058232757415
hsv_h: 0.06161636487012276
hsv_s: 0.8404615732279794
hsv_v: 0.5146178707291127
lr0: 0.002123486566364561
lrf: 0.8460782254313253
mixup: 0.004036693254380793
momentum: 0.9614091526563737
mosaic: 0.9430518298761196
perspective: 0.00035910440072912416
scale: 0.3085910518594214
shear: 1.650268825757703
translate: 0.06877921987299239
warmup_epochs: 4.515700104274884
warmup_momentum: 0.46154899341630373
weight_decay: 0.00045853580886164513
